3839
0 0 1 4
2 0 4 3
5 0 8 2
5 3 8 4
9 0 11 3
12 0 13 4
14 0 15 4
0 5 11 5
0 6 1 11
2 6 7 7
2 8 4 11
5 8 7 11
0 13 3 15
5 13 7 15
8 6 13 7
8 8 13 9
8 10 11 11
8 12 11 14
12 10 15 12
12 14 15 15
0 16 0 23
1 16 2 19
3 16 4 19
5 16 6 19
1 20 3 23
7 16 11 17
7 18 10 20
7 21 10 23
12 16 15 18
12 19 15 21
12 22 15 23
16 0 17 4
16 5 17 9
18 0 21 2
18 4 21 6
18 8 21 9
22 0 27 1
22 2 23 7
24 2 27 4
28 2 29 7
22 8 27 9
16 10 18 13
16 14 18 17
16 18 18 21
19 10 22 12
23 10 26 12
27 10 29 12
19 13 22 15
19 18 22 20
19 21 22 22
23 13 28 14
23 15 24 19
25 15 28 17
23 20 26 22
29 13 29 22
16 23 27 23
30 0 30 7
31 0 31 7
32 0 32 7
33 0 34 5
35 0 37 3
38 0 40 3
35 4 37 7
38 4 40 7
30 8 33 10
30 11 33 13
34 8 36 10
34 11 36 13
37 8 40 9
37 10 40 11
37 12 40 13
41 0 43 3
41 7 43 9
41 10 43 13
44 0 47 1
44 2 47 4
48 0 50 3
44 5 45 10
46 5 49 7
46 8 47 11
48 8 50 11
51 5 52 10
44 12 48 13
49 12 52 13
30 14 30 23
31 14 33 16
31 17 33 20
31 21 33 23
34 14 36 17
37 14 39 17
40 14 42 17
34 19 37 21
38 19 40 22
41 19 42 23
43 14 50 14
43 15 45 17
43 18 45 21
46 15 50 16
46 17 49 19
46 20 50 21
43 22 46 23
47 22 50 23
51 14 52 19
53 0 53 11
53 12 53 23
0 24 2 27
4 24 6 27
9 24 10 27
11 24 13 27
14 24 15 27
16 24 18 27
0 28 3 30
0 33 2 36
3 33 4 36
5 28 6 31
5 32 6 36
7 28 12 29
7 30 9 32
10 30 13 32
7 33 9 36
11 33 13 36
14 28 15 33
16 28 18 30
16 31 18 34
0 37 2 39
0 40 2 43
0 46 2 49
0 51 2 54
3 37 6 39
3 40 6 42
7 37 10 39
7 41 10 42
11 37 13 40
3 43 4 47
5 43 7 46
8 43 11 45
12 43 13 47
3 48 13 48
14 37 14 48
15 37 17 40
15 41 17 44
15 46 17 48
3 49 5 52
7 49 9 52
10 49 12 52
14 49 15 52
16 49 17 52
3 53 6 54
7 53 10 54
11 53 16 54
18 37 18 44
18 45 18 54
0 55 1 58
2 55 4 58
0 59 5 60
0 61 2 64
3 61 5 64
0 65 2 67
3 65 5 67
0 68 3 70
6 55 11 56
6 57 9 59
6 60 9 62
12 55 14 57
12 58 14 61
15 55 15 62
16 55 18 57
16 58 18 61
6 63 8 66
6 68 8 70
9 63 11 66
9 68 11 70
12 63 13 68
14 63 17 65
14 66 17 68
12 69 17 70
19 24 24 25
19 26 20 31
21 26 22 31
23 26 26 28
23 29 25 32
26 29 27 32
19 33 24 34
28 24 30 27
31 24 33 27
28 29 33 30
28 31 30 34
31 31 33 34
34 24 39 25
34 26 35 30
36 26 37 30
38 26 40 29
34 31 36 34
37 31 38 34
39 31 40 34
41 24 43 27
45 24 47 27
41 28 46 29
41 30 44 32
45 30 47 33
19 35 24 36
19 37 21 40
22 37 24 40
19 42 24 43
25 35 27 38
25 39 28 41
19 44 24 45
25 44 29 45
19 46 20 49
21 46 23 49
24 46 26 49
27 46 29 49
19 50 20 53
21 50 23 53
27 50 29 53
19 54 21 57
24 54 25 57
26 54 28 57
30 35 33 36
34 35 39 36
30 37 33 39
34 37 36 39
37 37 39 39
40 37 42 39
30 40 31 43
32 40 33 43
34 40 36 43
30 44 34 45
30 46 33 48
35 44 37 47
38 40 41 42
38 43 42 44
38 45 41 47
38 48 41 50
30 51 35 52
37 51 42 52
30 53 32 56
33 53 34 57
35 53 36 57
37 53 40 55
41 53 42 57
43 35 45 38
43 39 46 41
43 42 46 44
43 45 45 48
43 49 46 51
43 52 47 53
43 54 45 57
46 54 47 57
19 58 22 60
19 61 22 63
19 64 22 65
19 66 22 68
19 69 22 70
23 58 24 63
23 66 24 70
25 58 32 58
25 59 30 60
25 61 26 64
27 61 29 64
25 65 28 67
30 61 32 64
30 65 32 67
25 68 28 70
29 68 32 70
33 58 36 59
37 58 40 59
33 60 40 60
33 61 40 61
33 62 35 65
36 62 37 66
38 62 40 65
33 67 35 70
38 67 40 70
41 58 44 60
41 61 44 63
45 58 47 61
41 64 42 68
43 64 45 67
46 64 47 68
41 69 46 70
48 24 51 25
48 26 51 28
48 30 51 32
48 35 51 36
48 37 51 39
48 41 51 42
48 43 51 45
48 47 51 48
48 49 51 51
48 52 51 54
48 56 51 58
48 60 51 62
48 63 51 64
48 65 51 67
48 68 51 70
52 24 53 29
52 31 53 36
52 39 53 44
52 47 53 52
52 55 53 60
52 61 53 64
52 65 53 70
54 0 59 1
54 2 59 3
54 4 59 5
54 6 57 8
58 6 60 9
54 11 55 16
56 11 60 12
56 13 58 16
54 17 56 19
57 17 60 19
61 0 64 2
61 6 64 7
61 8 64 10
61 11 64 13
61 15 64 17
65 0 70 1
73 0 78 1
65 2 67 5
70 2 71 5
72 2 74 5
75 2 77 5
78 2 80 5
65 6 67 9
69 6 71 9
65 10 66 13
67 10 69 13
65 14 70 15
72 6 74 9
72 12 74 15
75 6 76 11
65 16 67 19
71 16 73 19
74 16 76 19
77 6 79 8
77 9 79 12
77 14 79 16
77 17 79 19
80 6 82 9
80 10 82 12
80 13 82 15
80 16 82 19
83 0 86 2
83 3 84 6
85 3 87 6
83 7 86 9
83 10 85 12
86 10 88 12
83 13 88 14
83 15 85 18
86 15 88 18
89 0 92 2
89 3 92 5
93 0 95 3
96 0 98 3
93 5 98 6
99 0 100 5
101 0 103 3
105 0 106 3
101 4 104 6
89 7 94 8
89 9 91 12
92 9 95 11
89 14 94 15
89 16 91 19
93 16 95 19
96 7 99 9
96 10 99 12
100 7 103 9
100 10 102 13
96 14 99 15
96 16 99 18
100 14 103 16
105 7 106 12
105 13 106 18
54 20 58 21
54 22 56 25
54 26 58 27
54 28 56 31
54 32 58 33
54 34 57 36
54 37 57 39
54 40 58 41
54 42 57 44
54 45 57 47
54 48 57 50
54 51 55 54
56 51 58 54
54 55 56 58
54 59 58 60
54 61 56 64
54 65 57 67
54 68 57 70
59 20 62 22
63 20 66 22
59 23 64 24
59 25 62 27
59 28 62 30
63 28 65 31
66 25 66 32
67 25 67 32
59 33 62 35
63 33 66 35
59 36 62 38
59 40 62 42
63 36 67 37
63 38 65 41
63 42 67 43
59 44 67 44
59 45 62 47
63 45 66 47
68 20 70 23
68 25 70 27
71 20 73 23
71 24 72 27
73 24 75 27
76 20 79 21
76 22 79 23
76 24 79 26
80 20 84 21
80 22 82 25
80 26 84 27
85 20 86 25
87 20 88 23
87 24 88 27
68 28 71 30
68 31 71 33
68 36 70 39
68 40 71 42
68 43 71 45
73 28 77 29
73 30 74 33
75 30 77 33
73 34 77 35
73 36 76 38
73 39 77 40
73 41 77 42
78 28 80 31
81 28 84 30
78 33 81 34
78 35 81 37
82 33 84 36
85 28 88 30
85 32 88 34
85 36 88 37
78 38 81 40
82 38 84 40
85 38 88 40
78 41 88 41
78 42 88 42
73 43 75 46
76 43 78 46
79 43 80 47
81 43 83 46
84 43 85 47
86 43 88 46
89 20 92 22
94 20 97 22
98 20 100 22
101 20 104 22
89 23 89 34
90 23 93 25
90 26 93 28
94 23 96 26
97 23 99 26
90 29 93 30
90 31 93 33
94 29 96 32
97 29 99 31
97 32 99 34
100 23 103 25
100 26 104 27
100 28 103 30
100 31 104 32
100 33 104 34
105 23 106 27
105 28 106 33
89 35 92 37
89 38 92 40
89 45 92 47
94 35 97 37
94 38 97 40
98 35 100 37
98 38 100 40
94 41 95 45
96 41 98 44
94 46 99 47
101 35 106 36
101 37 104 39
101 40 103 42
104 40 106 42
101 43 106 44
101 45 104 47
59 48 62 49
63 48 68 49
69 48 73 49
59 50 59 59
60 50 62 53
60 56 62 59
63 50 63 59
64 50 65 54
64 55 65 59
66 50 73 50
66 51 68 53
69 51 72 53
66 54 70 55
66 56 68 59
69 56 70 59
71 54 73 57
59 60 60 63
59 64 60 69
61 60 63 63
61 64 63 67
61 68 64 70
66 60 69 61
70 60 73 61
66 62 73 62
66 63 73 63
66 64 68 67
66 68 69 70
72 64 73 69
74 48 74 57
75 48 78 50
75 52 78 53
75 54 78 56
79 48 84 49
79 50 82 52
79 53 82 54
79 55 82 57
83 50 87 51
83 52 85 55
83 56 87 57
88 48 91 50
88 52 91 54
88 55 91 57
92 48 94 51
92 54 94 57
74 58 75 63
76 58 79 60
76 62 79 64
80 58 84 59
80 60 83 62
80 63 82 66
74 67 76 70
78 67 80 70
81 67 83 70
85 58 86 62
87 58 89 61
90 58 92 61
93 58 94 62
85 63 88 65
85 67 88 69
89 63 92 65
89 66 92 68
93 66 94 70
95 48 106 48
95 49 106 49
95 50 106 50
95 51 106 51
95 52 106 52
95 53 96 58
97 53 98 58
99 53 100 58
101 53 102 58
103 53 106 55
95 59 97 62
95 63 97 66
98 59 98 66
99 59 101 62
99 63 101 66
102 63 104 66
105 59 106 64
95 67 97 70
98 67 99 70
100 67 102 70
103 67 105 70
107 0 112 1
107 2 112 3
107 4 112 5
107 6 109 9
110 6 112 9
113 0 114 3
113 4 114 9
115 0 115 9
116 0 119 2
116 3 119 5
120 0 122 3
116 6 118 9
120 6 122 9
123 0 128 1
123 2 125 5
126 2 129 3
126 4 129 6
123 7 125 9
126 7 129 9
130 0 132 3
133 0 135 3
130 4 135 5
130 6 131 9
132 6 134 9
136 0 137 3
138 0 140 3
136 4 141 5
136 6 138 9
140 6 141 9
142 0 145 1
146 0 149 1
142 2 147 3
142 4 143 9
144 4 145 9
146 4 149 6
150 0 153 2
150 4 153 6
150 7 153 9
154 0 154 9
107 10 109 13
110 10 112 13
107 15 110 17
107 18 110 20
113 10 117 11
113 12 116 14
113 15 117 16
113 17 117 18
113 19 117 20
118 10 122 11
118 12 122 13
118 14 121 16
118 17 120 20
107 21 110 22
107 23 110 25
111 21 113 24
107 27 112 28
114 21 117 23
114 25 117 27
118 21 122 22
118 23 121 25
118 26 121 28
107 29 110 31
111 29 114 31
115 29 116 34
117 29 119 32
120 29 122 32
123 10 134 10
123 11 125 14
126 11 128 14
131 11 133 14
135 11 136 14
137 11 139 14
123 15 125 18
126 15 129 17
126 18 129 19
130 15 133 17
134 15 136 18
137 15 140 17
123 20 134 20
123 21 134 21
123 22 126 24
123 25 125 28
126 25 128 28
129 22 131 25
132 22 134 25
129 27 132 29
123 30 124 33
125 30 127 33
130 30 131 33
132 30 134 33
123 34 134 34
135 20 138 22
135 23 138 25
135 28 138 30
135 31 138 33
139 20 140 25
139 28 140 33
141 10 144 12
141 13 144 15
141 17 144 19
141 20 144 22
141 24 144 26
141 29 144 30
141 31 144 33
145 10 147 13
145 14 147 17
145 20 147 22
145 23 147 26
145 28 147 30
145 31 147 34
148 10 149 13
148 14 149 19
148 21 149 26
148 30 149 34
150 10 150 19
150 20 150 31
151 10 154 11
151 12 154 14
151 15 154 16
151 17 154 19
151 20 154 22
151 23 154 25
151 27 154 29
151 31 154 32
151 33 154 34
107 35 118 35
107 36 107 44
108 36 110 39
108 40 112 41
108 42 111 44
113 36 118 37
113 38 115 41
113 42 115 44
116 42 118 44
107 45 111 46
107 47 110 49
107 50 111 51
112 45 113 50
114 45 117 47
114 48 118 49
114 50 118 51
107 52 109 55
110 52 112 55
113 52 114 55
115 52 116 55
117 52 118 55
107 56 109 59
110 56 113 58
114 56 115 60
116 56 118 59
107 61 111 62
107 63 110 65
107 66 110 68
107 69 111 70
112 61 114 64
115 61 116 64
112 65 115 67
117 61 118 66
119 35 121 38
122 35 124 38
125 35 128 37
125 39 128 41
129 35 130 40
131 35 132 40
119 42 121 45
122 42 123 45
124 42 126 45
127 42 129 45
130 42 132 45
119 46 122 48
126 46 129 48
130 46 132 48
119 49 120 53
121 49 124 50
121 51 124 53
125 49 126 53
127 49 128 53
129 49 132 51
119 54 120 58
121 54 123 57
124 54 125 58
126 54 127 58
128 54 130 57
131 54 132 58
119 59 122 60
123 59 126 60
119 61 121 63
122 61 125 63
119 64 122 66
119 67 122 68
123 64 124 68
125 64 126 68
127 59 130 60
127 61 130 62
127 63 130 64
127 65 130 67
131 59 132 63
131 64 132 68
119 69 124 70
125 69 130 70
133 35 135 37
133 38 135 41
136 35 141 36
136 37 139 39
136 42 140 43
141 37 143 40
144 35 146 38
149 35 151 38
144 40 147 42
148 40 151 42
144 43 151 43
152 35 154 38
152 39 154 42
133 44 135 47
136 44 138 47
139 44 140 49
141 44 142 49
143 44 144 49
145 44 147 47
148 44 150 47
151 44 154 46
151 47 154 49
133 50 135 52
136 50 139 52
133 53 133 62
134 53 137 55
134 58 137 60
138 53 143 54
138 55 143 56
138 57 141 59
138 60 141 62
133 63 134 68
135 63 137 66
138 63 139 66
135 67 137 70
140 63 143 65
140 66 143 68
144 50 147 52
144 54 147 55
144 56 147 58
148 50 149 55
150 50 153 52
150 53 153 55
148 56 153 57
148 58 153 59
144 60 154 60
144 61 146 64
148 61 150 64
151 61 153 64
144 65 149 66
150 65 154 66
144 67 145 70
146 67 148 70
151 67 153 70
155 0 157 3
155 4 157 7
155 8 157 11
155 12 157 15
155 17 157 20
158 0 161 2
158 3 160 5
161 3 163 5
158 6 163 7
164 0 167 2
164 5 167 7
168 0 172 1
168 2 171 4
168 5 171 7
173 0 176 2
173 3 176 4
173 5 176 7
177 0 177 7
158 8 159 13
160 8 161 13
162 8 165 10
162 13 166 14
158 15 161 17
162 15 164 18
158 20 160 22
161 20 164 22
165 15 165 22
166 15 166 22
167 8 169 10
167 11 169 13
170 8 171 13
172 8 175 9
172 10 175 12
176 8 177 13
167 14 169 16
170 14 172 16
167 17 168 20
169 17 170 20
171 17 172 20
173 14 176 16
173 17 174 20
175 17 177 20
167 21 172 22
178 0 183 1
178 2 179 5
180 2 182 5
178 6 181 7
178 8 181 10
182 6 183 10
184 0 191 0
184 1 186 3
187 1 190 3
184 4 187 6
184 8 187 10
188 4 191 6
188 8 191 10
192 0 195 2
192 3 195 5
196 0 199 2
196 4 199 6
192 7 195 9
197 7 199 9
192 10 199 10
178 11 183 12
178 13 179 16
180 13 182 16
183 13 184 16
178 17 181 19
178 20 181 22
182 17 184 20
185 11 185 22
186 11 188 14
186 17 188 19
186 20 188 22
189 11 192 13
189 15 192 17
193 11 196 12
193 13 196 14
193 15 196 17
197 11 198 16
189 18 190 22
191 18 193 21
194 18 196 21
199 11 199 22
155 23 158 25
155 26 158 28
155 29 158 31
155 32 159 33
155 34 157 37
155 38 158 40
155 41 158 43
155 44 157 47
155 48 159 49
155 50 158 52
155 53 158 55
155 56 159 57
160 23 161 28
162 23 164 25
165 23 167 25
162 26 164 29
165 26 167 29
160 30 163 32
164 30 167 32
168 23 171 25
168 26 170 29
173 23 175 26
173 27 175 29
168 30 175 30
168 31 171 32
172 31 175 32
176 23 179 25
176 26 180 27
176 28 179 30
176 31 180 32
181 23 183 26
181 27 184 29
181 30 184 32
160 33 163 35
160 36 162 39
163 36 164 39
165 33 168 35
165 37 168 39
169 33 172 35
169 36 171 39
172 36 173 39
174 33 176 36
174 37 176 39
160 40 161 45
162 40 165 42
166 40 170 41
166 42 168 45
171 40 174 42
171 43 174 45
175 40 176 45
160 46 165 47
160 48 163 50
165 48 168 50
160 51 161 56
162 51 163 56
164 51 168 52
164 53 166 56
160 57 168 57
169 46 171 49
172 46 175 48
172 49 175 51
169 52 170 57
171 52 174 53
171 54 174 56
175 52 176 57
177 33 179 36
180 33 182 36
183 33 185 36
177 37 179 40
180 37 181 41
182 37 185 39
177 42 178 47
179 42 181 45
182 42 185 43
182 44 185 46
179 47 182 49
177 50 179 53
177 54 179 57
180 50 182 53
183 50 185 53
180 54 182 57
183 54 185 57
186 23 189 25
186 26 189 28
190 23 195 24
190 25 192 27
193 25 195 27
190 28 192 30
193 28 195 30
196 23 198 26
196 27 198 30
199 23 199 30
186 31 189 33
186 34 189 36
190 31 192 34
190 35 193 37
195 31 199 32
195 33 199 34
195 35 198 37
186 38 188 41
186 43 188 46
189 38 191 41
192 38 194 41
189 43 194 44
189 45 191 47
192 45 194 47
195 38 198 40
195 42 198 44
195 45 198 47
199 38 199 47
186 48 188 51
189 48 190 52
191 48 194 50
191 51 194 52
186 53 187 57
188 53 189 57
190 53 191 57
192 53 194 56
195 48 195 57
196 48 196 57
197 48 199 50
197 51 199 54
155 58 157 61
159 58 161 61
155 62 158 64
155 65 158 66
155 67 158 69
159 65 163 66
159 67 161 70
164 58 165 62
166 58 168 61
169 58 170 62
164 63 167 65
164 66 165 70
166 66 167 70
168 66 170 69
171 58 176 59
171 60 176 61
171 62 173 65
174 62 176 65
171 66 172 70
173 66 176 68
177 58 181 59
182 58 185 59
177 60 181 61
177 62 180 64
177 65 181 66
182 60 185 62
177 67 179 70
180 67 182 70
183 67 185 70
186 58 189 60
186 61 189 63
186 66 189 68
190 58 195 59
190 60 192 62
193 60 195 62
190 63 192 66
193 63 195 66
190 67 192 70
193 67 195 70
196 58 199 59
196 60 199 62
196 63 199 65
196 67 199 69
0 71 0 79
1 71 5 72
1 73 5 74
1 75 5 76
1 77 4 79
6 71 9 73
6 74 8 76
9 74 11 76
6 77 8 79
9 77 11 79
12 71 13 76
14 71 16 73
14 74 16 77
17 71 18 76
19 71 19 79
20 71 22 74
23 71 25 74
23 75 27 76
20 77 23 79
25 77 27 79
28 71 30 74
28 77 30 79
31 71 36 72
31 73 32 77
33 73 36 75
33 76 36 77
31 78 36 79
37 71 39 74
37 76 39 79
40 71 42 74
40 77 42 79
43 71 44 75
43 76 44 79
45 71 46 76
0 80 1 85
0 87 1 92
2 80 4 83
5 80 7 83
8 80 9 84
10 80 13 82
2 85 5 87
2 88 3 92
4 88 5 92
6 88 8 91
9 85 10 88
11 85 13 88
9 89 10 92
11 89 13 92
14 80 15 85
14 88 15 92
16 80 19 82
16 83 19 85
16 86 19 88
20 80 23 82
24 80 27 82
20 83 21 88
22 83 25 85
26 83 27 88
20 89 25 90
16 91 21 92
22 91 27 92
28 80 30 83
31 80 34 82
31 83 34 85
28 86 30 88
31 86 34 88
35 80 36 85
37 80 38 85
28 89 29 92
30 89 32 92
34 89 36 92
39 80 41 83
42 80 44 83
39 84 40 88
41 84 43 87
44 84 45 88
39 89 41 92
43 89 45 92
46 80 46 91
0 93 1 98
0 99 1 104
0 108 1 112
2 93 7 94
2 95 3 99
4 95 7 96
4 97 7 99
8 93 9 98
10 93 11 98
12 93 14 96
16 93 17 96
12 97 15 99
2 100 2 111
3 100 8 101
9 100 13 101
3 102 5 105
6 102 8 105
11 102 13 105
3 107 5 110
6 107 8 110
9 107 13 108
9 109 11 112
14 100 17 102
14 103 17 105
14 108 17 110
18 93 19 98
20 93 24 94
20 95 24 96
20 97 23 99
25 93 27 95
25 96 27 99
18 100 21 101
22 100 27 101
18 102 21 104
18 107 21 108
18 109 21 110
22 102 23 105
24 102 26 105
22 106 25 108
22 109 27 110
18 111 21 112
22 111 27 112
28 93 36 93
28 94 31 96
33 94 36 96
28 97 30 99
31 97 34 99
28 100 36 100
28 101 36 101
28 102 28 109
29 102 30 105
31 102 33 105
29 106 31 109
32 106 34 109
35 102 36 107
28 110 33 111
28 112 36 112
37 93 40 95
37 96 40 98
42 93 43 98
44 93 46 95
44 96 46 98
37 99 39 102
37 103 39 105
40 99 41 104
42 99 45 101
42 102 46 103
42 104 46 105
37 106 39 109
37 110 39 112
40 106 43 108
40 109 42 112
45 106 46 111
0 113 3 114
0 115 3 116
0 117 3 119
4 113 7 115
4 116 7 118
8 113 8 120
0 121 2 124
3 121 5 123
3 124 5 126
6 121 8 124
0 127 2 130
4 127 6 130
7 127 8 130
0 131 3 133
4 131 7 133
9 113 11 116
9 120 11 123
12 113 14 116
15 113 17 116
12 117 15 119
16 117 17 121
12 122 17 123
18 113 21 114
18 115 21 117
22 113 23 117
18 118 20 121
21 118 23 121
18 122 23 123
9 124 9 133
10 124 12 127
10 128 12 130
10 131 12 133
13 124 13 133
14 124 15 127
14 128 15 133
16 124 21 125
16 126 19 128
16 129 19 131
21 126 23 129
16 132 21 133
24 113 29 114
24 115 25 119
26 115 28 118
29 115 30 119
24 120 27 122
31 113 31 122
32 113 34 115
32 116 34 118
35 113 38 115
35 117 38 118
39 113 40 118
32 119 33 122
34 119 36 122
39 119 40 122
24 123 27 125
24 127 27 128
24 129 27 130
24 131 27 133
28 123 29 128
30 123 33 125
36 123 38 125
30 126 31 131
32 126 36 127
32 128 36 129
32 130 35 132
37 126 38 131
30 133 38 133
39 123 40 128
39 129 40 133
41 113 44 115
41 116 46 117
41 118 43 121
44 118 46 121
41 122 46 123
41 124 44 125
41 126 44 128
45 124 46 128
41 129 43 132
44 129 46 132
0 134 11 134
0 135 5 136
0 137 3 138
0 139 3 141
0 143 3 144
0 145 3 147
4 137 9 138
4 139 9 140
4 141 9 142
4 143 6 146
7 143 9 146
10 141 11 146
0 148 11 148
12 134 14 137
12 139 14 142
12 145 14 148
15 134 17 137
18 134 21 136
22 134 25 136
15 139 16 142
17 139 19 142
15 143 18 145
15 146 18 148
20 139 25 140
20 141 22 144
23 141 25 144
20 145 22 148
24 145 25 148
0 149 3 151
0 152 3 154
0 155 3 157
0 158 3 160
0 162 3 164
0 165 3 167
4 149 6 152
8 149 9 152
10 149 12 152
13 149 14 152
4 153 5 158
6 153 7 158
8 153 11 155
8 156 9 159
10 156 12 159
4 160 7 162
8 160 11 162
13 153 14 158
4 163 6 166
7 163 9 165
7 166 9 168
10 163 13 165
10 166 13 168
15 149 16 154
17 149 25 149
17 150 20 152
23 150 25 152
17 153 20 155
17 156 20 158
22 153 25 155
22 156 25 158
15 159 17 162
18 159 19 162
15 163 18 165
20 159 25 160
20 161 25 162
20 163 22 165
23 163 25 165
20 166 22 168
23 166 25 168
0 169 9 169
10 169 21 169
26 134 29 136
30 134 33 136
26 137 28 139
29 137 31 139
32 137 35 139
26 140 27 145
28 140 29 145
30 140 33 142
30 143 32 146
33 143 35 146
26 147 35 147
26 148 35 148
26 149 35 149
26 150 29 152
26 153 30 154
26 155 29 157
31 150 33 153
31 154 33 157
26 158 29 160
30 158 32 160
33 158 35 160
26 161 26 169
27 161 29 164
33 161 34 165
27 166 29 169
30 166 31 169
32 166 34 169
35 161 35 169
36 134 37 139
38 134 39 139
40 134 43 136
40 137 43 139
44 134 46 137
36 140 37 145
38 140 43 141
38 142 40 145
41 142 43 145
44 140 46 143
36 147 37 152
38 147 41 149
38 150 41 152
42 147 44 150
45 147 46 152
36 153 39 155
36 156 40 157
36 158 40 159
41 153 42 158
43 153 46 155
36 160 38 163
36 166 38 169
39 160 44 161
39 162 40 167
41 162 44 164
41 165 44 167
45 162 46 167
39 168 46 168
39 169 46 169
0 170 3 172
0 173 1 176
2 173 4 176
0 177 4 178
0 179 4 180
5 170 7 173
10 170 12 173
5 174 8 176
9 174 10 178
5 179 10 180
11 174 13 177
14 170 15 174
14 175 15 180
0 181 11 181
0 182 3 184
0 185 3 186
0 187 3 189
0 191 3 193
4 182 4 193
5 182 9 183
5 184 8 186
5 187 8 189
10 182 15 183
10 184 12 187
13 184 15 187
10 188 15 189
5 190 7 193
8 190 10 193
12 190 14 193
0 194 3 196
4 194 6 197
7 194 10 195
7 196 10 198
11 194 12 198
13 194 15 197
0 199 11 199
16 170 18 173
20 170 22 173
24 170 26 173
28 170 29 173
30 170 31 173
16 174 27 174
16 175 17 178
18 175 20 178
16 179 20 180
21 175 23 178
24 175 28 176
24 177 26 180
29 175 31 178
16 181 21 182
16 183 17 188
18 183 20 186
18 187 22 188
16 189 21 190
23 181 26 183
23 184 26 186
23 187 25 190
26 187 27 190
28 181 31 183
28 184 31 186
28 187 31 189
16 191 27 191
16 192 27 192
16 193 19 195
16 196 18 199
20 196 21 199
22 193 23 198
24 193 29 194
24 195 26 198
27 195 29 198
30 193 31 198
32 170 35 172
37 170 39 172
40 170 42 172
43 170 46 172
32 173 43 173
32 174 35 176
36 174 38 176
39 174 42 176
44 174 46 176
32 177 32 188
33 177 37 178
38 177 42 178
33 179 35 182
36 179 38 182
33 183 36 185
39 179 42 181
39 182 42 184
33 186 35 189
36 186 38 189
40 186 42 189
43 177 46 179
43 182 46 184
43 187 46 189
32 190 34 193
35 190 36 193
32 194 36 195
37 190 40 192
37 193 40 195
41 190 44 192
41 193 44 195
45 190 46 195
32 196 34 199
38 196 40 199
43 196 45 199
0 200 5 201
8 200 11 201
12 200 17 201
21 200 26 201
31 200 34 201
35 200 40 201
42 200 46 201
0 202 3 203
0 204 3 206
0 207 3 208
4 202 7 204
4 206 7 208
8 202 9 207
10 202 11 207
12 202 13 207
14 202 19 203
14 204 16 207
17 204 19 207
20 202 25 203
20 204 21 208
22 204 25 205
22 206 25 208
26 202 27 207
28 202 32 203
28 204 32 205
28 206 31 208
33 202 36 204
33 206 36 208
37 202 39 204
37 205 39 208
40 202 41 207
42 202 46 203
42 204 45 206
42 207 46 208
0 209 3 210
0 211 3 213
0 216 3 217
4 209 5 214
6 209 8 212
9 209 10 213
11 209 13 212
6 214 8 217
10 214 11 217
12 214 13 217
14 209 18 210
14 211 17 213
14 214 18 215
19 209 21 212
14 216 19 217
22 209 24 212
22 213 26 214
22 215 25 217
27 209 32 210
27 211 30 213
27 214 28 217
29 214 31 217
33 209 35 212
36 209 38 212
33 213 34 217
35 213 36 217
37 213 39 216
40 209 41 214
42 209 43 214
44 209 45 212
44 213 45 217
46 209 46 217
0 218 1 221
0 222 1 226
2 218 9 218
2 219 3 224
4 219 5 224
6 219 9 220
6 221 9 223
2 225 7 226
10 218 10 226
11 218 12 222
11 223 12 226
13 218 14 223
15 218 17 221
18 218 20 221
13 224 16 226
18 224 20 226
21 218 22 221
21 222 22 226
23 218 23 226
24 218 26 221
27 218 30 219
27 220 30 222
24 223 29 224
24 225 29 226
31 218 33 221
34 218 36 221
31 222 32 226
33 222 35 225
39 218 42 220
39 221 41 223
42 221 44 223
39 224 42 226
45 218 46 223
0 227 3 228
0 229 3 231
0 232 3 234
0 235 3 237
4 227 7 229
4 230 8 231
4 232 7 234
4 235 7 237
9 227 11 230
12 227 14 230
9 231 10 234
11 231 12 234
13 231 14 234
9 235 12 237
0 238 3 240
0 241 3 243
4 238 6 241
7 238 9 241
10 238 14 239
10 240 11 243
12 240 14 243
0 244 2 247
3 244 5 247
6 244 7 249
8 244 12 245
8 246 10 249
13 244 14 249
15 227 18 228
19 227 24 228
15 229 19 230
20 229 23 230
15 231 17 234
18 231 20 234
21 231 23 234
15 236 17 239
18 236 21 238
18 239 21 240
22 236 23 240
24 229 27 231
24 233 27 235
24 237 27 239
15 241 16 245
17 241 19 244
20 241 22 244
23 241 24 245
25 241 27 244
15 246 18 247
19 246 22 247
23 246 27 247
15 248 20 249
21 248 26 249
28 227 32 228
28 229 30 232
28 233 31 235
28 236 30 239
31 236 32 239
28 240 32 241
28 242 31 244
28 245 31 247
28 248 32 249
33 227 35 229
36 227 39 229
40 227 43 229
44 227 46 229
33 230 44 230
33 231 44 231
33 232 37 233
33 234 36 236
38 232 40 234
38 235 40 238
41 232 43 235
44 232 46 235
41 236 44 238
33 239 35 242
33 246 35 248
36 239 38 241
39 239 42 241
36 242 37 245
38 242 39 245
40 242 42 245
36 246 39 248
40 246 42 248
43 239 43 248
44 239 44 248
45 239 46 243
45 244 46 248
33 249 44 249
47 71 52 72
54 71 58 72
47 73 48 77
49 73 50 77
51 73 53 76
54 73 56 76
57 73 58 77
47 78 50 80
47 81 48 84
49 81 51 84
53 78 55 81
57 78 58 81
53 82 56 84
47 85 47 92
48 85 48 92
49 85 50 88
51 85 53 88
49 89 51 92
52 89 54 92
56 85 58 88
56 89 58 92
47 93 50 95
47 97 50 98
47 99 50 101
51 93 56 94
51 95 53 98
55 95 57 98
51 99 53 102
54 99 55 102
56 99 58 102
59 71 61 74
62 71 64 74
65 71 66 75
59 76 61 79
63 76 65 79
59 80 61 82
62 80 65 82
59 83 62 84
59 85 62 87
63 83 66 85
63 86 66 88
59 89 62 91
64 89 66 91
59 92 63 93
59 94 60 97
61 94 63 97
64 92 66 95
59 98 62 100
63 98 66 100
59 101 66 101
59 102 66 102
67 71 70 73
71 71 74 73
67 74 74 74
67 75 69 77
67 78 69 80
70 75 72 78
70 79 74 80
67 81 71 82
67 83 69 86
72 81 74 84
67 87 72 88
67 89 74 89
67 90 72 91
67 92 68 97
69 92 72 94
69 95 71 98
67 99 70 101
71 99 74 101
67 102 74 102
75 71 85 71
86 71 97 71
75 72 77 75
79 72 81 75
82 72 83 75
75 76 76 79
77 76 79 79
75 80 79 81
80 76 83 78
80 79 83 81
75 82 78 84
79 82 82 84
84 72 85 77
84 78 85 83
86 72 87 77
88 72 91 74
88 75 91 77
92 72 94 75
95 72 97 75
86 78 91 79
86 80 87 84
88 80 91 81
88 82 91 84
92 78 94 80
95 78 97 80
92 81 94 84
96 81 97 84
75 85 80 86
82 85 85 86
75 87 78 89
75 92 78 93
79 87 82 89
79 90 82 92
75 94 80 95
83 87 85 90
83 91 85 94
75 96 77 99
78 96 82 97
78 98 81 100
83 96 85 99
86 85 87 90
88 85 89 90
90 85 93 87
90 88 92 91
93 88 95 91
96 85 97 90
86 92 93 92
86 93 88 96
89 93 91 96
86 97 89 99
86 101 89 102
90 97 93 99
94 92 97 93
94 94 97 96
94 98 97 100
98 71 101 73
98 76 101 78
98 80 101 82
98 83 101 85
98 86 101 88
98 89 101 91
98 93 101 95
98 96 101 98
98 100 101 102
102 71 105 73
102 74 104 77
105 74 108 76
109 71 112 73
109 74 112 76
109 77 112 79
113 74 115 77
116 71 118 74
120 71 121 74
116 75 117 79
118 75 121 76
118 77 121 79
102 80 103 85
104 80 107 82
104 83 108 84
104 85 108 86
104 87 108 88
109 80 110 83
111 80 112 83
113 80 115 83
109 84 111 87
114 84 116 87
117 80 119 82
117 83 119 85
117 86 119 88
120 80 121 83
120 84 121 88
102 89 104 92
106 89 107 92
102 93 107 94
102 95 107 96
102 97 107 98
102 99 104 102
105 99 107 102
108 89 110 92
111 89 113 92
114 89 115 92
116 89 118 92
108 93 111 95
108 96 111 98
108 99 110 102
111 99 112 102
113 93 118 94
113 95 115 98
116 95 118 98
113 99 115 102
116 99 118 102
119 89 119 100
120 89 121 92
120 93 121 96
120 97 121 102
122 71 125 72
122 73 125 74
122 75 125 77
126 71 129 73
126 74 130 75
126 76 130 77
131 71 134 72
131 73 134 75
135 71 136 76
137 71 138 76
122 78 125 80
122 81 124 84
125 81 126 84
127 78 128 83
129 78 133 79
129 80 132 82
129 83 133 84
134 78 137 80
134 81 136 84
122 85 125 87
122 88 125 90
122 91 125 93
122 94 125 96
126 85 131 86
126 87 128 90
129 87 131 90
126 91 129 93
130 91 131 95
132 85 135 87
132 88 134 90
135 88 137 90
132 91 133 95
134 91 137 93
138 85 138 95
126 96 128 98
129 96 131 98
132 96 135 98
122 99 124 102
127 99 129 102
131 99 133 102
136 99 138 102
139 71 142 73
143 71 146 73
147 71 150 73
151 71 154 73
139 74 142 75
143 74 148 75
151 74 154 75
139 76 142 78
143 76 144 80
145 76 147 79
148 76 150 79
151 76 154 78
151 79 154 80
139 81 140 86
139 89 140 93
141 81 143 84
145 81 146 84
147 81 149 84
141 85 149 85
141 86 144 88
141 90 144 91
141 92 144 93
145 86 148 88
145 89 149 90
145 91 148 93
150 81 154 82
150 83 154 84
150 85 153 87
150 88 154 89
150 90 154 91
150 92 154 93
139 94 141 96
142 94 144 96
139 97 141 100
139 101 144 102
145 94 150 95
145 96 148 98
145 99 148 101
149 96 152 98
149 99 152 101
153 94 154 99
155 71 166 71
155 72 160 73
165 72 169 73
155 74 157 77
159 74 161 77
155 78 158 80
159 78 162 80
155 81 158 82
155 83 158 85
159 81 160 86
161 81 162 86
163 74 166 76
167 74 169 76
163 77 165 79
166 77 169 79
163 80 166 82
167 80 169 83
163 85 168 86
155 87 165 87
155 88 165 88
155 89 158 91
160 89 161 94
155 95 160 96
155 97 160 98
162 89 165 91
162 94 165 95
162 96 165 98
166 87 169 89
166 90 169 92
166 95 169 97
155 99 156 102
157 99 159 102
160 99 162 102
165 99 167 102
168 99 169 102
170 71 172 74
170 76 172 78
170 79 172 82
170 83 172 86
173 71 178 72
173 73 175 75
176 73 178 75
173 76 175 78
176 76 178 78
173 79 175 82
176 79 178 82
173 84 176 86
179 71 180 76
181 71 184 73
181 74 185 75
181 76 185 77
186 71 189 72
186 73 189 75
186 76 189 77
179 78 181 81
182 78 183 82
184 78 185 82
186 78 189 79
186 80 189 82
179 83 181 86
183 83 185 86
186 83 188 86
170 87 174 88
170 89 173 91
170 92 171 95
172 92 174 95
170 96 174 97
170 98 174 99
170 100 173 102
175 87 180 88
182 87 187 88
175 89 180 90
175 91 177 94
178 91 179 95
180 91 181 95
175 96 177 98
178 96 181 98
175 99 177 102
178 99 179 102
180 99 181 102
182 89 189 89
182 90 183 95
184 90 189 91
184 92 186 95
182 97 184 99
182 100 184 102
185 97 189 98
185 99 187 102
190 71 190 82
190 84 190 93
190 94 190 102
191 71 196 72
191 73 194 75
195 73 198 75
195 76 198 78
191 79 193 82
194 79 196 82
191 83 193 86
194 83 196 86
197 83 199 86
191 88 193 90
191 91 193 94
194 88 197 90
194 92 197 94
198 88 199 93
191 95 199 95
191 96 193 98
194 96 197 98
191 99 196 100
191 101 194 102
195 101 199 102
47 103 50 105
51 103 53 105
51 106 53 108
47 109 49 112
50 109 52 112
54 103 56 105
54 106 56 108
54 109 56 112
57 103 59 105
57 106 59 109
60 103 60 112
47 113 58 113
47 114 50 116
54 114 57 116
47 117 49 120
51 117 52 120
53 117 55 120
47 121 50 123
47 125 50 127
51 121 53 124
54 121 56 124
51 125 56 126
51 127 54 129
57 117 60 119
57 121 60 122
57 123 60 125
57 128 60 129
47 130 49 133
47 134 51 135
47 136 50 138
47 139 49 142
52 130 54 133
55 130 57 133
58 130 60 133
52 135 55 137
52 138 55 140
56 135 60 136
56 137 57 140
58 137 60 140
56 141 60 142
47 143 47 154
48 143 50 146
48 149 50 151
48 152 50 154
51 143 52 146
53 143 55 146
58 143 60 146
51 147 53 150
51 151 53 154
54 147 56 150
54 151 56 154
59 147 60 152
61 103 63 105
61 106 63 108
64 103 67 105
64 106 67 108
69 103 72 105
69 106 72 108
74 103 75 108
76 103 77 108
78 103 82 104
78 105 80 108
83 103 84 108
85 103 87 106
88 103 91 105
88 106 91 108
92 103 95 105
92 106 95 108
96 103 97 108
98 103 100 105
98 106 100 108
61 109 64 111
61 112 64 114
66 109 68 112
69 109 70 114
71 109 73 112
71 113 73 116
74 109 77 111
78 109 80 112
74 114 77 116
78 114 80 116
81 109 83 112
84 109 86 112
81 114 84 116
87 109 90 111
87 112 90 114
91 109 92 112
91 113 92 116
93 109 96 111
93 112 96 114
93 115 98 116
99 109 100 114
61 117 64 119
65 117 67 120
68 117 71 118
68 119 71 120
68 121 71 122
72 117 74 120
61 123 69 123
61 124 63 127
64 124 66 127
61 129 66 130
67 124 69 127
67 128 69 130
61 131 66 132
61 133 69 133
70 123 72 126
73 123 74 126
70 127 73 129
70 130 72 133
75 117 78 119
75 121 78 123
75 124 78 126
75 129 78 131
75 132 78 133
79 117 79 128
61 134 63 136
64 134 67 136
70 134 72 136
73 134 75 136
76 134 79 136
61 137 62 140
63 137 65 140
66 137 67 140
68 137 69 140
70 137 72 140
76 137 78 140
80 117 82 120
80 122 82 125
80 126 82 129
83 126 85 129
80 130 81 134
82 130 85 131
82 132 85 134
80 135 82 137
83 135 85 137
80 138 82 140
83 138 85 140
86 117 93 117
86 118 93 118
86 119 93 119
86 120 89 121
90 120 93 121
86 122 93 122
86 123 93 123
86 124 88 127
91 124 93 127
86 128 89 130
90 128 93 130
90 131 93 132
86 133 89 135
91 133 93 135
86 136 88 139
89 136 90 140
91 136 93 139
94 117 94 124
94 125 94 136
61 141 63 144
64 141 65 145
66 141 67 145
61 146 66 147
61 148 64 150
65 148 67 150
61 151 63 154
66 151 67 154
68 141 70 143
68 144 70 147
68 148 70 151
68 152 70 154
71 141 74 143
71 144 74 145
71 146 74 148
71 149 74 150
71 151 74 153
75 141 76 146
75 147 76 152
77 141 79 143
77 144 79 146
80 141 83 143
80 145 83 146
77 147 80 149
77 150 79 153
80 150 81 154
82 150 83 154
84 141 86 144
87 141 90 142
87 143 90 145
91 141 94 143
84 146 86 149
84 150 86 153
87 146 88 149
89 146 91 149
87 150 90 152
87 153 92 154
93 146 94 150
93 151 94 154
95 117 100 118
95 119 97 122
98 119 100 122
95 124 97 127
98 124 100 127
95 129 98 131
95 132 98 134
95 135 97 137
98 135 100 137
95 138 100 139
95 140 100 141
95 142 97 145
95 146 97 149
98 146 100 149
95 151 97 154
99 151 100 154
101 103 101 113
102 103 105 105
106 103 107 107
108 103 110 106
102 108 104 111
105 108 107 110
105 111 107 113
108 108 110 111
111 103 113 106
111 109 113 112
101 114 102 119
101 122 102 125
103 114 107 115
108 114 113 115
103 116 108 117
103 118 105 121
106 118 108 121
103 122 105 125
106 122 108 125
109 116 112 118
109 119 112 121
109 122 113 123
109 124 113 125
101 126 102 131
103 126 105 129
106 126 108 129
103 131 108 132
109 126 113 127
109 128 112 130
109 131 113 132
101 133 104 135
105 133 108 135
101 136 103 139
104 136 106 139
104 140 107 142
109 133 113 134
109 135 112 137
109 138 112 140
109 141 113 142
101 143 102 147
103 143 105 146
106 143 108 146
111 143 113 146
101 148 104 149
101 150 104 152
105 148 106 153
107 148 109 151
110 148 113 150
110 151 113 153
101 154 112 154
114 103 117 105
118 103 121 105
114 106 121 106
114 107 121 107
114 108 121 108
114 109 116 112
117 109 119 112
120 109 121 114
114 115 115 120
116 115 119 116
116 117 119 119
120 115 121 120
114 121 115 126
116 121 118 124
119 121 121 124
114 127 121 127
114 128 117 130
114 131 117 133
118 128 121 130
118 131 121 133
114 135 121 135
114 136 116 138
114 139 116 142
117 136 118 139
119 136 121 139
117 140 120 142
114 143 118 144
114 145 117 147
114 148 118 149
119 143 121 146
119 147 121 149
114 150 116 153
117 150 118 153
119 150 121 153
114 154 121 154
122 103 125 105
122 107 125 109
126 103 130 104
126 105 129 107
126 108 130 109
131 103 134 105
131 106 132 109
133 106 135 109
122 110 124 113
122 115 124 118
125 110 128 112
125 113 128 115
125 116 128 118
129 110 132 112
129 116 132 118
134 110 135 115
122 119 127 120
122 121 127 122
122 123 124 126
125 123 127 126
128 119 129 124
130 119 132 121
130 122 132 124
133 119 135 122
128 125 131 127
132 125 135 127
122 128 124 131
122 133 124 136
125 128 126 133
127 128 132 129
127 130 129 133
127 134 132 135
133 128 133 135
125 136 128 138
130 136 133 138
122 139 127 140
129 139 133 140
134 128 135 133
134 134 135 139
122 141 124 144
122 146 124 149
125 141 134 141
125 142 127 145
128 142 130 145
125 146 128 148
131 142 134 143
131 144 134 145
131 146 134 148
125 149 127 152
129 149 131 152
132 149 134 152
135 141 135 152
122 153 127 154
128 153 133 154
47 155 49 158
47 159 49 162
47 163 49 166
47 168 49 171
47 173 49 175
47 176 49 179
47 181 49 183
47 184 49 187
47 190 49 193
47 194 49 197
47 198 49 201
50 155 51 160
50 161 51 164
50 165 51 168
50 169 51 172
50 173 51 176
50 177 51 181
50 182 51 185
50 186 51 190
50 191 51 195
50 196 51 201
52 155 54 158
56 155 58 158
59 155 61 158
63 155 65 158
66 155 68 158
52 159 57 160
52 161 53 165
54 161 57 163
52 166 53 169
54 166 56 169
52 170 57 171
58 159 60 162
61 159 65 160
61 161 62 164
63 161 65 164
58 165 61 167
58 170 62 171
63 165 65 167
63 168 65 171
66 159 67 162
66 163 67 168
68 159 69 164
68 167 69 171
52 172 55 174
56 172 58 175
59 172 60 176
61 172 62 176
63 172 65 175
66 172 69 174
66 175 69 176
52 177 63 177
52 178 60 178
61 178 69 178
70 155 73 157
70 158 72 161
70 162 74 163
75 155 77 158
75 160 77 163
78 160 80 163
70 164 71 169
72 164 72 171
73 164 76 165
73 166 76 168
73 169 76 171
77 164 80 165
77 166 80 168
77 169 80 171
81 164 81 171
70 172 73 174
75 172 78 174
70 175 72 178
73 175 74 178
75 175 77 178
78 175 79 178
80 175 81 178
52 179 55 181
56 179 58 182
52 184 55 186
56 184 58 186
52 187 57 188
52 189 54 192
55 189 56 193
57 189 58 193
52 194 57 195
52 196 57 197
52 198 53 201
54 198 56 201
59 179 61 182
59 183 62 185
59 186 63 187
59 188 62 190
59 193 61 196
59 197 62 199
59 200 63 201
64 179 67 180
64 181 67 183
64 184 67 186
64 188 67 189
64 190 67 192
68 179 70 182
68 183 72 184
73 179 77 180
73 181 75 184
76 181 77 184
68 185 68 192
69 185 72 187
69 188 72 189
69 190 72 192
73 185 77 186
73 187 77 188
73 189 75 192
78 179 81 181
78 182 81 184
78 185 81 187
78 188 81 189
78 190 81 192
64 193 64 201
65 193 70 194
65 195 67 198
69 195 71 198
65 199 68 201
72 193 75 195
72 196 73 201
74 196 76 199
77 196 79 199
80 193 81 198
82 155 85 156
86 155 89 156
90 155 95 156
82 157 85 159
82 161 85 163
82 164 85 166
86 157 93 157
86 158 89 160
91 158 93 160
86 161 89 163
90 161 91 165
92 161 93 165
86 166 93 166
94 157 96 160
94 162 96 165
97 157 97 166
82 167 89 167
82 168 87 169
82 170 86 171
82 172 83 175
84 172 86 175
87 170 89 173
90 167 92 170
94 167 96 170
90 171 92 174
93 171 95 174
96 171 97 175
98 155 101 156
102 155 107 156
98 157 101 159
98 160 101 162
103 157 106 159
103 160 106 162
98 163 100 166
98 167 100 170
101 163 103 166
104 163 107 164
104 165 107 167
101 168 104 170
98 171 101 173
103 171 106 173
98 174 103 175
82 176 83 179
84 176 85 179
86 176 88 179
89 176 90 179
91 176 93 179
94 176 96 179
97 176 99 179
100 176 102 179
82 180 93 180
82 181 93 181
82 182 85 184
87 182 90 184
87 185 90 187
92 182 93 187
82 188 83 193
84 188 86 191
84 192 86 195
87 188 89 191
87 192 89 195
92 188 93 193
94 182 96 184
94 185 96 188
94 189 96 192
94 193 96 195
82 196 85 198
88 196 91 198
93 196 96 198
97 180 100 182
97 186 100 188
97 191 100 192
97 193 100 195
97 196 100 198
101 180 103 182
101 183 103 186
101 187 103 190
101 192 103 194
101 195 103 198
104 176 105 180
104 181 105 185
104 186 105 189
104 190 105 194
104 195 105 198
106 176 107 179
106 180 107 184
106 185 107 188
106 189 107 194
106 195 107 198
82 199 85 201
90 199 93 201
94 199 96 201
97 199 100 201
101 199 104 201
108 155 109 160
110 155 113 157
110 158 113 160
108 161 110 163
111 161 114 163
108 164 111 165
108 166 111 168
112 164 114 166
112 167 114 169
108 170 111 172
108 173 110 176
112 173 114 176
108 177 111 179
108 180 110 183
111 180 114 182
111 183 114 185
108 186 113 187
108 188 113 189
108 190 109 194
110 190 111 194
112 190 114 193
108 195 110 198
111 195 113 198
108 199 111 201
112 199 114 201
115 155 117 158
120 155 122 158
115 159 116 162
117 159 118 162
119 159 121 162
122 159 123 162
115 163 118 165
119 163 121 166
122 163 123 168
115 169 120 170
115 171 118 173
121 171 123 173
115 174 117 177
119 174 121 177
122 174 123 177
115 178 116 183
117 178 120 180
117 181 120 183
121 178 123 181
115 184 117 187
118 184 119 188
120 184 121 188
122 184 123 188
115 189 118 190
119 189 123 190
115 191 123 191
115 192 123 192
115 193 123 193
115 194 116 197
115 198 116 201
117 194 122 195
117 196 120 198
117 199 120 201
122 196 123 201
124 155 127 156
128 155 131 156
124 157 126 160
127 157 129 160
130 157 131 161
124 162 127 163
128 162 131 163
124 164 127 166
124 167 127 169
128 164 131 165
128 166 131 168
124 170 126 173
128 170 130 173
124 174 129 175
124 176 127 178
124 179 127 181
128 176 131 177
128 178 131 180
124 183 129 184
124 185 127 187
129 185 131 187
124 188 127 190
128 188 131 190
124 191 131 191
124 192 128 193
124 194 127 196
124 197 128 198
129 192 131 195
124 199 127 201
128 199 131 201
132 155 135 156
132 157 135 159
132 161 135 163
132 164 135 165
132 166 135 168
132 169 135 170
132 171 135 172
132 173 135 175
132 177 135 178
132 179 135 181
132 183 135 185
132 186 135 188
132 191 135 192
132 193 135 195
132 196 135 198
132 200 135 201
136 103 138 106
141 103 142 106
136 107 138 110
139 107 141 110
143 103 144 106
143 107 144 110
145 103 147 106
145 107 147 110
136 111 136 119
137 111 139 114
137 115 139 118
140 111 141 115
142 111 143 115
144 111 146 114
140 116 142 119
145 116 146 119
147 111 147 119
136 120 138 123
139 120 140 125
141 120 144 122
141 123 143 126
146 120 147 125
136 127 138 130
136 131 138 134
141 127 146 128
141 129 142 132
143 129 145 132
141 133 146 134
147 127 147 134
136 135 138 138
136 140 138 143
139 135 141 138
142 135 144 138
139 139 140 143
141 139 144 141
145 135 147 138
145 141 147 143
136 144 139 146
145 144 147 146
136 147 138 149
136 150 138 152
139 147 141 150
142 147 145 149
142 150 145 152
146 147 147 152
136 153 137 157
136 158 137 162
138 153 141 155
138 159 141 161
142 153 147 154
142 155 144 158
142 159 143 162
144 159 145 162
146 159 147 162
136 163 139 165
136 166 139 168
140 163 142 166
140 167 143 169
145 163 147 165
145 166 147 169
136 170 147 170
136 171 139 173
140 171 143 173
144 171 147 173
136 174 136 181
137 174 138 177
139 174 141 177
137 178 139 181
142 174 144 177
142 178 144 181
145 174 147 177
145 179 147 181
136 182 147 182
136 183 147 183
136 184 139 186
136 188 139 190
140 184 142 187
140 188 142 190
143 184 145 186
143 187 145 190
136 191 139 193
141 191 144 193
136 194 145 194
146 184 147 188
146 189 147 194
136 195 138 198
141 195 143 198
145 195 147 198
136 199 141 200
142 199 147 200
136 201 147 201
47 202 49 205
51 202 53 205
56 202 58 205
59 202 61 205
62 202 64 205
47 206 48 211
49 206 50 211
51 206 54 208
51 210 54 211
55 206 57 209
58 206 60 209
61 206 64 208
61 209 64 211
47 212 50 214
51 212 53 214
54 212 57 214
62 212 64 214
47 215 50 217
54 215 57 217
60 215 63 217
47 218 49 220
50 218 52 220
47 221 50 223
51 221 52 225
47 226 50 228
53 218 58 219
53 220 55 223
56 220 59 222
56 223 59 225
53 226 55 228
56 226 59 228
60 218 62 221
60 222 63 224
60 225 61 228
62 225 64 228
47 229 52 230
47 231 48 234
49 231 50 234
51 231 52 234
47 235 49 238
50 235 52 238
53 229 61 229
53 230 56 232
53 233 56 234
53 235 56 236
57 230 59 233
57 234 60 236
53 237 58 238
62 229 64 232
62 233 64 236
65 202 68 203
65 204 68 205
65 206 68 208
65 210 68 212
69 202 74 203
69 204 72 205
69 206 72 208
69 209 72 211
73 204 78 205
73 206 76 208
77 206 78 210
73 211 78 212
79 202 81 204
82 202 85 204
79 205 81 207
82 205 85 207
79 208 80 212
81 208 82 212
83 208 85 211
86 202 87 205
86 206 87 211
88 202 89 207
88 209 89 212
65 213 68 215
65 217 68 219
69 213 71 215
69 216 71 219
72 213 73 218
74 213 78 214
74 215 77 217
74 218 78 219
79 213 84 214
79 215 80 219
81 215 84 217
81 218 84 219
85 213 87 216
85 217 88 219
65 220 69 221
65 222 67 225
65 226 66 229
67 226 69 229
65 230 67 233
65 234 69 235
65 236 68 238
70 220 73 222
74 220 77 222
78 220 80 222
81 220 83 222
84 220 86 222
70 223 73 225
70 227 73 228
74 223 76 226
70 229 71 234
72 229 74 232
72 233 76 234
70 235 72 238
74 235 76 238
77 223 86 223
77 224 77 232
78 224 80 227
78 229 80 232
81 224 82 228
83 224 86 226
81 229 86 230
81 231 86 232
77 233 80 234
77 235 80 237
81 233 83 236
84 233 86 235
84 236 86 238
87 220 89 223
87 224 89 227
87 229 89 232
87 233 89 236
90 202 97 202
90 203 94 204
90 205 93 207
95 203 97 205
95 206 97 209
90 210 92 213
93 210 95 213
90 214 93 216
96 210 97 215
90 217 92 220
94 217 96 220
98 202 103 203
104 202 108 203
98 204 99 209
100 204 103 206
104 204 108 205
104 206 106 209
98 210 100 212
101 210 103 212
98 213 100 216
104 210 105 215
106 210 108 212
106 213 108 216
98 217 99 220
100 217 102 220
103 217 105 220
107 217 108 220
109 202 111 205
112 202 114 205
115 202 118 204
115 205 118 207
109 208 116 208
109 209 116 209
109 210 110 215
111 210 116 211
111 212 113 215
114 212 116 215
117 208 119 211
117 212 119 215
109 217 111 220
112 217 114 220
117 217 119 220
120 202 121 206
120 207 121 212
120 216 121 220
90 221 92 224
93 221 94 224
95 221 97 224
90 225 91 230
92 225 95 227
92 229 95 230
96 225 97 230
90 231 92 234
93 231 95 234
90 235 92 238
94 235 95 238
96 235 97 238
98 221 101 223
98 224 100 227
101 224 103 227
101 228 105 229
98 230 105 230
98 231 105 231
98 232 101 234
103 232 105 234
106 221 108 224
110 221 112 224
106 225 114 225
106 226 107 229
108 226 110 229
106 230 109 232
111 226 114 228
111 229 114 231
106 233 111 234
98 235 99 238
100 235 101 238
102 235 104 238
106 235 108 238
109 235 111 238
113 235 114 238
115 221 116 226
115 229 116 234
117 221 117 232
118 221 121 223
118 224 121 225
118 226 121 228
118 231 121 233
118 234 121 236
118 237 121 238
122 202 125 204
129 202 132 204
122 205 124 207
125 205 127 207
128 205 131 207
122 208 124 211
126 208 127 211
122 212 124 215
126 212 127 215
128 208 131 210
128 214 131 215
132 208 132 215
122 216 124 218
125 216 128 218
129 216 132 218
122 219 127 220
128 219 132 220
122 221 132 221
122 222 123 225
122 226 123 231
124 222 125 226
126 222 127 226
128 222 130 225
131 222 132 226
124 227 126 230
127 227 129 230
130 227 132 230
122 232 124 235
125 232 127 235
128 232 129 236
130 232 132 235
122 237 126 238
127 237 132 238
133 202 135 205
138 202 139 206
140 202 143 204
144 202 147 203
144 204 147 206
133 207 134 212
133 215 134 219
135 207 138 209
139 207 142 209
135 210 140 211
135 212 137 215
138 212 140 214
141 212 143 214
138 215 139 219
140 215 143 216
140 217 143 219
144 207 147 209
144 213 147 215
144 216 147 218
133 220 135 223
133 226 135 229
136 220 138 222
136 223 138 226
139 220 141 223
139 225 141 228
142 220 147 221
142 222 145 224
146 222 147 226
142 227 147 228
136 229 138 232
139 229 140 232
141 229 143 232
144 229 146 232
133 233 134 237
135 233 137 236
138 233 140 236
141 233 142 237
143 233 145 236
146 233 147 237
133 238 144 238
148 103 151 105
152 103 155 105
157 103 160 105
164 103 167 105
170 103 173 105
178 103 181 105
183 103 186 105
189 103 192 105
193 103 195 105
196 103 199 105
148 106 151 107
148 108 151 110
152 106 154 109
155 106 156 110
148 111 151 113
148 114 151 116
153 111 156 112
153 113 156 115
157 106 160 108
161 106 163 109
157 111 158 116
159 111 162 113
159 114 162 116
164 106 167 108
164 109 167 110
168 106 171 108
172 106 173 110
164 111 166 114
167 111 170 113
167 114 170 116
171 111 173 114
174 106 174 116
175 106 175 116
176 106 176 116
177 106 180 108
177 110 180 112
177 114 180 116
181 106 182 110
181 111 182 116
183 106 184 110
185 106 186 110
187 106 190 107
187 108 190 110
191 106 192 110
183 111 185 114
186 111 190 112
186 113 188 116
191 111 192 116
193 106 193 116
194 106 197 107
194 108 197 109
194 110 197 111
194 112 197 113
194 114 197 116
198 106 199 111
198 112 199 116
148 117 149 122
150 117 157 117
150 118 157 118
150 119 153 121
150 122 151 125
152 122 154 125
156 119 157 124
148 126 151 128
148 129 151 131
148 132 152 133
153 126 157 127
153 128 154 131
155 128 157 131
153 132 157 133
148 134 153 135
148 136 157 136
148 137 157 137
148 138 157 138
158 117 162 118
158 119 161 121
158 122 162 123
163 117 166 119
163 120 166 122
158 124 161 126
162 124 163 128
164 124 166 127
158 129 163 130
158 131 161 133
158 134 161 136
158 137 161 138
162 131 166 132
162 133 165 135
167 117 170 119
171 117 173 119
174 117 176 119
177 117 179 119
167 120 172 121
167 122 170 124
167 125 170 127
173 120 175 123
178 120 179 123
173 124 175 127
176 124 178 127
167 128 170 130
171 128 172 133
173 128 176 129
173 130 176 132
167 134 169 137
172 134 173 138
174 134 176 137
177 128 179 131
177 132 179 135
180 117 183 119
185 117 188 119
189 117 192 119
196 117 199 119
180 120 185 121
180 122 185 123
180 124 183 126
180 127 182 130
183 127 185 130
186 120 189 122
190 120 191 124
192 120 195 122
186 125 188 127
186 128 188 130
189 125 192 126
189 127 192 129
193 125 195 128
186 131 195 131
180 132 181 137
182 132 183 137
184 132 187 134
188 132 189 136
184 137 189 138
190 132 191 135
192 132 194 135
190 136 193 138
196 120 199 122
196 123 199 125
196 126 199 128
196 130 199 132
196 133 199 135
196 137 199 138
148 139 158 139
159 139 168 139
169 139 176 139
177 139 184 139
185 139 196 139
148 140 151 142
148 144 151 145
148 146 151 147
152 140 155 142
152 143 155 145
152 146 155 147
156 140 158 143
159 140 162 142
159 143 162 145
156 146 161 147
163 140 166 142
163 143 167 144
163 145 166 147
168 140 171 142
168 144 171 146
172 140 174 143
175 140 177 143
172 144 177 145
172 146 177 147
178 140 181 142
178 144 181 146
182 140 185 142
182 144 185 146
186 140 187 144
188 140 191 141
188 142 191 144
186 145 188 147
189 145 191 147
192 140 193 143
194 140 196 143
197 140 198 143
192 144 194 147
195 144 197 147
199 140 199 147
148 148 150 151
148 152 150 155
151 148 152 151
151 152 152 157
153 148 157 149
153 150 157 151
153 152 157 153
153 154 155 157
158 148 160 151
158 152 160 155
158 156 162 157
163 148 164 151
163 152 164 157
165 148 167 151
165 154 167 157
148 158 150 160
148 161 150 163
151 158 154 160
151 162 154 163
155 158 156 163
157 158 159 161
160 158 161 163
162 158 165 160
162 161 165 163
166 158 167 163
148 164 150 167
151 164 152 167
153 164 155 167
157 164 159 167
161 164 163 167
164 164 166 167
148 168 151 169
152 168 157 169
160 168 163 169
164 168 167 169
148 170 151 172
148 173 151 175
148 178 151 180
148 182 151 183
148 184 151 186
152 170 154 172
155 170 158 172
160 170 163 172
165 170 167 172
152 173 162 173
152 174 154 177
155 174 157 177
159 174 160 177
161 174 162 177
152 178 153 182
152 183 153 186
154 178 156 181
158 178 160 181
154 182 156 184
157 182 160 184
154 185 159 186
161 178 162 182
161 183 162 186
163 173 166 175
163 176 167 177
163 178 166 180
163 181 164 184
165 181 167 184
163 185 167 186
148 187 150 189
148 190 150 193
151 187 154 189
151 191 154 193
155 187 156 192
157 187 159 189
157 190 159 193
160 187 161 192
162 187 167 188
162 189 163 193
164 189 167 190
164 191 167 193
168 148 179 148
168 149 171 151
172 149 175 151
178 149 180 151
181 149 183 151
168 152 179 152
168 153 171 155
168 156 170 158
171 156 173 158
168 159 169 163
170 159 173 160
170 161 173 163
174 153 174 161
175 153 177 156
178 153 181 155
175 158 177 161
178 158 180 161
182 153 183 156
182 157 183 161
174 162 183 162
174 163 183 163
168 164 172 165
168 166 171 168
173 164 174 169
175 164 176 169
177 164 180 166
177 168 180 170
181 164 183 167
181 168 183 170
168 171 173 172
176 171 179 172
180 171 183 172
168 173 171 174
172 173 176 174
177 173 182 174
184 148 187 150
184 153 187 154
188 148 189 153
190 148 194 149
190 150 193 152
190 153 194 154
195 148 198 150
195 151 196 154
197 151 199 154
184 155 186 157
187 155 189 157
190 155 193 157
194 155 197 157
184 158 195 158
184 159 184 170
185 159 188 161
185 163 188 165
189 159 194 160
189 161 191 163
192 161 195 163
189 164 191 167
193 164 195 167
196 159 198 162
185 168 186 173
187 168 191 169
187 170 189 173
192 168 195 169
192 170 195 172
196 168 198 170
196 171 198 173
199 159 199 170
184 174 195 174
168 175 170 178
168 179 170 182
171 175 174 177
175 175 178 177
171 178 172 183
173 178 175 181
176 178 178 180
176 181 178 183
179 175 181 178
179 181 181 183
182 175 182 183
183 175 184 178
183 179 184 183
168 184 171 186
168 187 169 190
170 187 172 190
168 191 171 193
174 184 179 185
174 186 177 188
178 186 179 190
174 191 176 193
177 191 179 193
180 184 184 185
180 186 184 187
180 188 183 190
180 191 183 193
185 175 196 175
185 176 186 179
187 176 189 179
185 180 189 181
190 176 192 179
193 176 195 179
196 176 199 178
196 180 199 181
185 182 188 184
185 185 186 188
187 185 189 188
185 189 188 191
190 182 193 184
190 185 193 187
190 188 193 190
194 182 199 183
194 184 197 186
198 184 199 188
194 189 197 191
185 192 188 193
189 192 193 193
194 192 199 193
148 194 150 196
151 194 153 196
154 194 157 196
158 194 161 196
163 194 166 196
170 194 173 196
148 197 151 199
155 197 158 199
160 197 163 199
167 197 169 199
170 197 173 199
148 200 153 201
148 202 153 203
148 204 153 205
148 206 150 209
151 206 152 210
153 206 154 210
148 211 150 214
151 211 154 213
148 216 151 218
152 216 154 218
148 219 151 221
152 219 154 221
152 222 154 224
155 200 160 201
155 202 158 204
159 202 162 204
159 205 162 206
155 207 158 209
159 207 162 209
155 210 157 212
158 210 161 212
163 200 165 203
166 200 168 203
169 200 171 203
163 204 165 207
163 208 165 211
166 204 173 204
166 205 168 207
169 205 172 207
166 208 169 210
170 208 171 212
172 208 173 212
155 213 160 214
155 215 160 216
155 217 157 220
159 217 161 220
155 221 157 224
158 221 160 224
162 213 164 215
165 213 168 215
162 216 163 219
164 216 166 219
162 220 163 224
164 220 166 223
169 213 172 215
169 216 173 217
169 218 172 220
169 221 171 224
148 225 153 226
148 227 149 231
150 227 151 231
152 227 154 230
148 232 150 235
151 232 153 235
148 236 150 238
151 236 154 238
155 225 158 226
159 225 162 226
163 225 166 226
155 227 156 232
157 227 159 230
160 227 162 230
157 231 160 233
163 227 166 229
155 234 158 236
159 234 160 238
161 234 163 237
164 234 166 237
167 225 170 227
167 228 172 229
167 230 168 234
169 230 170 234
171 230 173 233
167 235 172 236
167 237 172 238
174 194 174 201
174 202 174 212
175 194 178 195
175 196 178 198
175 200 178 201
175 202 178 204
175 206 178 207
175 208 178 210
179 194 184 195
179 196 183 197
179 198 181 201
184 196 185 201
186 194 186 201
187 194 189 197
190 194 192 197
187 198 189 201
190 198 192 201
194 194 194 201
179 202 181 205
179 206 181 209
184 202 188 203
184 204 186 207
189 202 190 207
184 208 189 209
191 202 191 209
192 202 194 204
192 205 194 208
179 210 186 210
187 210 194 210
179 211 190 211
179 212 186 212
187 212 194 212
174 213 176 215
177 213 180 215
174 216 177 217
174 218 177 220
178 216 181 218
178 219 181 221
174 222 176 225
177 222 179 225
174 226 176 229
178 226 180 229
181 222 181 229
182 222 182 229
183 213 184 217
185 213 187 216
188 213 189 217
190 213 191 217
192 213 194 216
183 218 183 227
184 218 184 227
185 218 187 221
188 218 190 221
185 222 187 225
185 226 190 227
191 218 194 220
191 221 194 223
191 224 194 226
183 228 188 229
189 228 194 229
174 230 176 233
174 235 176 238
177 230 182 231
177 232 178 236
179 232 182 233
179 234 182 236
177 237 182 238
183 230 183 238
184 230 186 233
184 236 186 238
187 230 192 231
187 232 188 236
189 232 192 234
187 237 192 238
193 232 194 237
195 194 199 195
195 196 198 198
195 199 199 200
195 201 199 202
195 203 196 206
197 203 199 206
195 207 197 210
195 211 196 214
197 211 199 214
195 215 198 217
195 218 198 220
195 221 199 222
195 223 197 226
195 227 199 228
195 229 197 232
195 233 196 236
197 233 199 236
195 237 199 238
47 239 48 244
49 239 52 241
49 242 52 244
53 239 54 244
47 245 49 248
50 245 52 248
53 245 54 249
55 239 57 242
55 247 57 249
58 239 59 243
58 244 59 249
60 239 62 242
60 243 62 245
63 239 66 241
63 242 65 245
67 242 68 245
60 246 62 249
64 246 66 249
67 246 68 249
69 239 70 243
69 244 70 249
71 239 73 242
74 239 76 242
71 244 73 246
74 244 76 246
71 247 74 249
77 239 79 242
81 239 82 242
77 243 82 244
77 245 78 249
79 245 82 247
83 239 84 243
83 244 84 249
85 239 85 249
86 239 89 241
86 242 89 244
90 242 91 246
86 247 89 249
92 239 95 241
92 242 97 243
92 244 95 246
92 248 95 249
96 244 99 245
96 246 99 248
100 239 103 241
100 242 102 244
103 242 105 244
100 245 102 247
103 245 105 247
100 248 105 249
106 239 109 241
106 245 109 247
110 239 110 249
111 239 114 241
111 243 114 245
111 247 114 249
115 239 120 240
115 241 117 244
118 241 120 244
115 245 118 247
119 245 121 248
122 239 122 249
123 239 131 239
123 240 126 241
127 240 131 241
123 242 124 247
125 242 130 243
125 244 126 249
127 244 130 246
127 247 130 249
132 239 134 241
132 242 134 245
132 247 134 249
135 239 135 249
136 239 139 241
136 243 139 245
136 247 139 249
140 239 143 240
140 241 143 242
140 243 143 244
144 239 147 241
144 242 147 244
140 245 141 249
142 245 144 248
145 245 147 248
148 239 150 242
148 243 150 246
151 239 154 241
151 243 154 245
155 239 157 242
158 239 160 241
158 242 160 245
151 246 153 249
155 246 157 249
158 246 160 249
161 239 164 241
161 244 164 245
161 246 164 248
165 239 172 239
165 240 166 244
167 240 170 242
167 243 170 244
165 245 170 246
171 240 172 245
165 247 168 249
173 239 175 242
173 244 175 247
176 239 178 242
176 243 178 246
176 247 178 249
179 239 181 242
179 243 181 246
179 247 181 249
182 239 184 242
185 239 187 242
188 239 190 242
182 243 183 248
184 243 188 244
184 245 187 247
184 248 188 249
189 243 190 248
191 239 194 241
191 243 194 245
191 247 194 249
195 239 199 240
195 241 198 243
195 244 197 247
195 248 199 249
