60
0 0 13 0
0 1 1 7
0 8 0 21
0 22 0 35
0 36 0 49
0 50 0 63
0 64 0 77
0 78 0 91
0 92 6 93
0 94 0 107
0 108 13 108
0 109 13 109
0 110 13 110
0 111 1 117
0 118 0 131
0 132 0 145
0 146 0 159
0 160 0 173
0 174 13 174
0 175 1 181
0 182 13 182
0 183 13 183
0 184 1 190
0 191 0 204
0 205 0 218
0 219 2 222
0 223 0 236
0 237 0 250
0 251 0 264
0 265 0 278
0 279 0 292
0 293 0 306
0 307 13 307
0 308 13 308
0 309 3 311
0 312 6 313
0 314 13 314
0 315 13 315
0 316 6 317
0 318 6 319
0 320 13 320
0 321 13 321
0 322 13 322
0 323 13 323
0 324 13 324
0 325 13 325
0 326 0 339
0 340 0 353
0 354 0 367
0 368 0 381
0 382 6 383
0 384 0 397
0 398 0 411
0 412 13 412
0 413 13 413
0 414 13 414
0 415 13 415
0 416 0 429
0 430 0 443
0 444 13 444
